1
2
1 2 
710
94 14 
51 90 
25 54 
2 6 
50 41 
43 21 
80 88 
89 57 
75 38 
80 55 
8 16 
85 27 
5 100 
75 95 
53 30 
56 98 
43 6 
39 19 
11 40 
25 60 
80 19 
81 59 
59 21 
68 33 
58 99 
40 18 
14 76 
96 71 
27 70 
17 79 
51 72 
28 93 
29 66 
64 40 
5 40 
99 36 
58 31 
46 68 
52 65 
1 61 
63 92 
78 29 
67 74 
99 93 
95 15 
23 46 
38 2 
90 18 
67 5 
57 23 
44 8 
58 54 
90 3 
21 41 
20 73 
54 82 
64 31 
62 82 
56 12 
26 51 
78 100 
48 15 
1 37 
33 19 
42 41 
41 37 
100 50 
90 90 
53 63 
82 24 
35 35 
57 51 
66 19 
32 73 
30 58 
23 8 
9 70 
74 10 
59 58 
28 52 
99 69 
40 50 
18 30 
39 22 
92 21 
45 78 
55 2 
28 72 
72 12 
45 53 
21 19 
12 29 
89 86 
38 99 
95 66 
2 93 
86 41 
43 3 
22 33 
77 65 
53 73 
43 60 
26 70 
31 97 
81 27 
50 1 
46 13 
30 86 
98 19 
84 45 
84 37 
37 21 
77 31 
76 99 
16 52 
63 68 
76 57 
27 2 
27 10 
50 59 
36 51 
12 81 
64 93 
66 13 
11 1 
57 47 
37 46 
19 66 
28 94 
16 43 
45 78 
63 73 
35 89 
74 13 
50 23 
23 38 
74 86 
18 37 
78 36 
49 41 
88 58 
39 77 
3 57 
42 30 
51 57 
73 47 
86 35 
19 72 
75 44 
36 77 
67 59 
14 92 
44 83 
80 74 
70 80 
66 58 
37 4 
86 39 
12 79 
21 14 
87 93 
61 72 
79 31 
96 5 
75 31 
81 93 
41 94 
84 37 
77 15 
10 46 
94 27 
55 31 
30 40 
21 93 
18 41 
7 4 
85 19 
28 63 
49 23 
68 75 
5 100 
67 46 
94 2 
82 22 
16 43 
19 62 
69 74 
92 50 
65 64 
42 35 
5 100 
90 41 
18 69 
4 67 
43 23 
93 48 
74 60 
93 19 
13 26 
40 81 
68 59 
42 36 
84 85 
37 100 
48 78 
34 4 
78 76 
45 47 
44 100 
13 87 
74 6 
86 99 
17 78 
18 81 
55 57 
13 22 
67 54 
9 2 
90 45 
2 90 
74 87 
45 3 
62 41 
50 58 
92 14 
96 17 
71 81 
16 39 
10 33 
20 64 
89 32 
85 8 
38 45 
9 79 
41 10 
20 66 
49 65 
21 62 
5 22 
19 97 
35 66 
13 58 
46 28 
96 7 
60 67 
70 1 
51 6 
8 40 
50 16 
18 42 
78 38 
8 26 
54 28 
87 58 
49 58 
6 35 
75 71 
44 21 
50 40 
27 62 
58 49 
14 8 
54 21 
47 56 
88 17 
49 65 
6 8 
42 59 
35 81 
68 35 
90 26 
22 64 
48 65 
84 97 
56 63 
10 14 
63 23 
21 68 
95 20 
23 83 
88 24 
99 93 
31 41 
3 18 
73 70 
4 62 
47 25 
25 94 
42 61 
91 49 
75 52 
62 37 
75 35 
4 69 
6 79 
3 93 
2 2 
37 84 
94 39 
1 66 
8 5 
79 55 
81 3 
100 74 
63 42 
23 37 
94 36 
25 20 
70 29 
88 75 
59 43 
19 60 
96 55 
43 89 
93 96 
6 53 
100 84 
59 32 
38 58 
58 1 
100 80 
89 45 
15 14 
64 37 
94 3 
11 52 
45 82 
63 40 
36 5 
80 81 
52 85 
33 3 
20 43 
35 58 
100 92 
10 51 
23 50 
95 37 
15 10 
73 8 
13 36 
59 57 
69 21 
49 4 
78 28 
84 81 
65 68 
84 84 
10 18 
93 62 
61 54 
64 35 
4 11 
71 18 
20 96 
26 32 
83 36 
41 51 
9 89 
6 38 
16 42 
18 32 
9 1 
16 71 
70 60 
32 82 
14 47 
16 17 
57 39 
86 29 
86 63 
12 20 
51 52 
22 59 
92 27 
48 60 
68 65 
91 29 
18 58 
99 87 
18 82 
21 83 
28 36 
51 37 
74 36 
17 11 
51 28 
30 1 
32 51 
59 23 
30 58 
34 97 
22 77 
25 39 
34 75 
78 3 
56 98 
85 36 
85 87 
24 11 
75 92 
21 25 
19 3 
25 2 
53 35 
77 82 
92 10 
31 65 
86 7 
56 72 
82 33 
26 89 
82 63 
76 18 
49 51 
28 23 
42 1 
47 13 
3 71 
14 7 
57 90 
41 48 
52 71 
13 37 
29 68 
60 62 
52 86 
3 85 
48 78 
2 96 
81 82 
71 22 
82 17 
34 36 
40 48 
94 96 
89 34 
96 40 
56 60 
77 37 
79 88 
98 82 
73 100 
66 72 
30 19 
68 10 
100 38 
31 33 
6 17 
20 45 
64 14 
93 52 
99 40 
44 7 
99 72 
43 29 
59 40 
10 84 
40 27 
55 69 
45 74 
78 45 
11 60 
29 69 
76 49 
65 91 
14 9 
95 12 
48 38 
18 98 
9 60 
26 67 
52 87 
50 91 
13 57 
11 58 
30 40 
54 41 
99 34 
61 27 
34 25 
17 47 
34 11 
11 81 
100 80 
31 8 
92 8 
27 43 
95 28 
85 59 
84 47 
16 14 
86 21 
6 36 
55 18 
62 88 
42 31 
87 27 
93 97 
8 93 
76 90 
52 19 
97 30 
61 43 
58 97 
2 93 
43 69 
58 28 
90 63 
64 96 
80 77 
35 74 
7 73 
100 100 
69 59 
44 97 
48 95 
15 97 
25 28 
39 34 
24 40 
26 67 
9 36 
46 50 
98 9 
97 30 
38 31 
55 44 
4 54 
95 24 
65 38 
72 64 
33 87 
60 9 
66 99 
42 89 
90 19 
7 50 
54 53 
99 4 
13 95 
85 50 
78 39 
46 33 
44 40 
56 60 
78 28 
24 62 
66 83 
70 83 
33 63 
71 75 
81 78 
24 87 
82 75 
90 94 
21 26 
44 50 
16 89 
82 11 
80 90 
71 57 
69 94 
70 86 
28 91 
68 13 
53 90 
87 86 
19 62 
72 100 
88 13 
94 9 
90 37 
10 5 
77 92 
15 56 
33 37 
65 1 
30 86 
86 10 
77 53 
22 29 
94 60 
14 13 
73 37 
12 61 
1 5 
21 90 
93 30 
46 21 
73 61 
77 5 
97 93 
5 79 
78 42 
88 54 
46 61 
35 40 
72 48 
52 44 
37 63 
4 89 
20 24 
79 12 
54 24 
33 78 
36 61 
83 85 
53 87 
15 82 
81 54 
88 26 
66 22 
17 37 
21 68 
80 57 
83 84 
46 2 
59 76 
65 64 
51 49 
42 39 
9 24 
75 13 
62 89 
95 42 
94 34 
20 59 
55 36 
95 75 
56 74 
32 38 
9 29 
91 20 
4 55 
83 6 
4 24 
44 64 
47 18 
29 61 
58 75 
54 51 
8 73 
61 62 
61 55 
36 16 
81 19 
5 41 
47 47 
60 2 
53 43 
8 8 
18 51 
72 17 
21 100 
77 78 
74 30 
81 81 
55 41 
42 67 
48 77 
34 28 
48 38 
20 94 
36 80 
96 88 
74 55 
96 91 
57 67 
7 77 
18 83 
7 43 
65 39 
23 71 
79 16 
37 26 
44 70 
5 91 
7 25 
37 94 
56 32 
81 29 
38 76 
19 94 
94 26 
23 63 
60 81 
5 76 
19 79 
46 49 
94 82 
27 90 
51 31 
80 9 
7 16 
2 62 
99 35 
90 36 
10 61 
82 56 
38 56 
18 97 
36 23 
25 6 
1 70 
54 95 
4 80 
36 54 
11 15 
15 69 
