1 5 
1 37 
1 61 
1 66 
1 70 
2 2 
2 6 
2 62 
2 90 
2 93 
2 93 
2 96 
3 18 
3 57 
3 71 
3 85 
3 93 
4 11 
4 24 
4 54 
4 55 
4 62 
4 67 
4 69 
4 80 
4 89 
5 22 
5 40 
5 41 
5 76 
5 79 
5 91 
5 100 
5 100 
5 100 
6 8 
6 17 
6 35 
6 36 
6 38 
6 53 
6 79 
7 4 
7 16 
7 25 
7 43 
7 50 
7 73 
7 77 
8 5 
8 8 
8 16 
8 26 
8 40 
8 73 
8 93 
9 1 
9 2 
9 24 
9 29 
9 36 
9 60 
9 70 
9 79 
9 89 
10 5 
10 14 
10 18 
10 33 
10 46 
10 51 
10 61 
10 84 
11 1 
11 15 
11 40 
11 52 
11 58 
11 60 
11 81 
12 20 
12 29 
12 61 
12 79 
12 81 
13 22 
13 26 
13 36 
13 37 
13 57 
13 58 
13 87 
13 95 
14 7 
14 8 
14 9 
14 13 
14 47 
14 76 
14 92 
15 10 
15 14 
15 56 
15 69 
15 82 
15 97 
16 14 
16 17 
16 39 
16 42 
16 43 
16 43 
16 52 
16 71 
16 89 
17 11 
17 37 
17 47 
17 78 
17 79 
18 30 
18 32 
18 37 
18 41 
18 42 
18 51 
18 58 
18 69 
18 81 
18 82 
18 83 
18 97 
18 98 
19 3 
19 60 
19 62 
19 62 
19 66 
19 72 
19 79 
19 94 
19 97 
20 24 
20 43 
20 45 
20 59 
20 64 
20 66 
20 73 
20 94 
20 96 
21 14 
21 19 
21 25 
21 26 
21 41 
21 62 
21 68 
21 68 
21 83 
21 90 
21 93 
21 100 
22 29 
22 33 
22 59 
22 64 
22 77 
23 8 
23 37 
23 38 
23 46 
23 50 
23 63 
23 71 
23 83 
24 11 
24 40 
24 62 
24 87 
25 2 
25 6 
25 20 
25 28 
25 39 
25 54 
25 60 
25 94 
26 32 
26 51 
26 67 
26 67 
26 70 
26 89 
27 2 
27 10 
27 43 
27 62 
27 70 
27 90 
28 23 
28 36 
28 52 
28 63 
28 72 
28 91 
28 93 
28 94 
29 61 
29 66 
29 68 
29 69 
30 1 
30 19 
30 40 
30 40 
30 58 
30 58 
30 86 
30 86 
31 8 
31 33 
31 41 
31 65 
31 97 
32 38 
32 51 
32 73 
32 82 
33 3 
33 19 
33 37 
33 63 
33 78 
33 87 
34 4 
34 11 
34 25 
34 28 
34 36 
34 75 
34 97 
35 35 
35 40 
35 58 
35 66 
35 74 
35 81 
35 89 
36 5 
36 16 
36 23 
36 51 
36 54 
36 61 
36 77 
36 80 
37 4 
37 21 
37 26 
37 46 
37 63 
37 84 
37 94 
37 100 
38 2 
38 31 
38 45 
38 56 
38 58 
38 76 
38 99 
39 19 
39 22 
39 34 
39 77 
40 18 
40 27 
40 48 
40 50 
40 81 
41 10 
41 37 
41 48 
41 51 
41 94 
42 1 
42 30 
42 31 
42 35 
42 36 
42 39 
42 41 
42 59 
42 61 
42 67 
42 89 
43 3 
43 6 
43 21 
43 23 
43 29 
43 60 
43 69 
43 89 
44 7 
44 8 
44 21 
44 40 
44 50 
44 64 
44 70 
44 83 
44 97 
44 100 
45 3 
45 47 
45 53 
45 74 
45 78 
45 78 
45 82 
46 2 
46 13 
46 21 
46 28 
46 33 
46 49 
46 50 
46 61 
46 68 
47 13 
47 18 
47 25 
47 47 
47 56 
48 15 
48 38 
48 38 
48 60 
48 65 
48 77 
48 78 
48 78 
48 95 
49 4 
49 23 
49 41 
49 51 
49 58 
49 65 
49 65 
50 1 
50 16 
50 23 
50 40 
50 41 
50 58 
50 59 
50 91 
51 6 
51 28 
51 31 
51 37 
51 49 
51 52 
51 57 
51 72 
51 90 
52 19 
52 44 
52 65 
52 71 
52 85 
52 86 
52 87 
53 30 
53 35 
53 43 
53 63 
53 73 
53 87 
53 90 
54 21 
54 24 
54 28 
54 41 
54 51 
54 53 
54 82 
54 95 
55 2 
55 18 
55 31 
55 36 
55 41 
55 44 
55 57 
55 69 
56 12 
56 32 
56 60 
56 60 
56 63 
56 72 
56 74 
56 98 
56 98 
57 23 
57 39 
57 47 
57 51 
57 67 
57 90 
58 1 
58 28 
58 31 
58 49 
58 54 
58 75 
58 97 
58 99 
59 21 
59 23 
59 32 
59 40 
59 43 
59 57 
59 58 
59 76 
60 2 
60 9 
60 62 
60 67 
60 81 
61 27 
61 43 
61 54 
61 55 
61 62 
61 72 
62 37 
62 41 
62 82 
62 88 
62 89 
63 23 
63 40 
63 42 
63 68 
63 73 
63 92 
64 14 
64 31 
64 35 
64 37 
64 40 
64 93 
64 96 
65 1 
65 38 
65 39 
65 64 
65 64 
65 68 
65 91 
66 13 
66 19 
66 22 
66 58 
66 72 
66 83 
66 99 
67 5 
67 46 
67 54 
67 59 
67 74 
68 10 
68 13 
68 33 
68 35 
68 59 
68 65 
68 75 
69 21 
69 59 
69 74 
69 94 
70 1 
70 29 
70 60 
70 80 
70 83 
70 86 
71 18 
71 22 
71 57 
71 75 
71 81 
72 12 
72 17 
72 48 
72 64 
72 100 
73 8 
73 37 
73 47 
73 61 
73 70 
73 100 
74 6 
74 10 
74 13 
74 30 
74 36 
74 55 
74 60 
74 86 
74 87 
75 13 
75 31 
75 35 
75 38 
75 44 
75 52 
75 71 
75 92 
75 95 
76 18 
76 49 
76 57 
76 90 
76 99 
77 5 
77 15 
77 31 
77 37 
77 53 
77 65 
77 78 
77 82 
77 92 
78 3 
78 28 
78 28 
78 29 
78 36 
78 38 
78 39 
78 42 
78 45 
78 76 
78 100 
79 12 
79 16 
79 31 
79 55 
79 88 
80 9 
80 19 
80 55 
80 57 
80 74 
80 77 
80 81 
80 88 
80 90 
81 3 
81 19 
81 27 
81 29 
81 54 
81 59 
81 78 
81 81 
81 82 
81 93 
82 11 
82 17 
82 22 
82 24 
82 33 
82 56 
82 63 
82 75 
83 6 
83 36 
83 84 
83 85 
84 37 
84 37 
84 45 
84 47 
84 81 
84 84 
84 85 
84 97 
85 8 
85 19 
85 27 
85 36 
85 50 
85 59 
85 87 
86 7 
86 10 
86 21 
86 29 
86 35 
86 39 
86 41 
86 63 
86 99 
87 27 
87 58 
87 86 
87 93 
88 13 
88 17 
88 24 
88 26 
88 54 
88 58 
88 75 
89 32 
89 34 
89 45 
89 57 
89 86 
90 3 
90 18 
90 19 
90 26 
90 36 
90 37 
90 41 
90 45 
90 63 
90 90 
90 94 
91 20 
91 29 
91 49 
92 8 
92 10 
92 14 
92 21 
92 27 
92 50 
93 19 
93 30 
93 48 
93 52 
93 62 
93 96 
93 97 
94 2 
94 3 
94 9 
94 14 
94 26 
94 27 
94 34 
94 36 
94 39 
94 60 
94 82 
94 96 
95 12 
95 15 
95 20 
95 24 
95 28 
95 37 
95 42 
95 66 
95 75 
96 5 
96 7 
96 17 
96 40 
96 55 
96 71 
96 88 
96 91 
97 30 
97 30 
97 93 
98 9 
98 19 
98 82 
99 4 
99 34 
99 35 
99 36 
99 40 
99 69 
99 72 
99 87 
99 93 
99 93 
100 38 
100 50 
100 74 
100 80 
100 80 
100 84 
100 92 
100 100 
